Q_sclae:0.001
noise_a:0.022563
noise_ba:0.022563
noise_w:0.022563
noise_bw:0.022563
%%vvc:0.0001
noise_scale:2
0.00001P_scale:1
n_zp_:0.2
n_zp_:0.1
init_L:2
